# Created by Octave 4.2.2, Sun Jul 15 13:10:08 2018 -03 <yu@ubuntu>
# name: x
# type: matrix
# rows: 14
# columns: 2
 0.9210765111370929 -1.020965155259548
 0.2271304571417628 -1.279600765150785
 1.026424711064286 -1.382262114756422
 0.03383043013839218 0.7830213866547985
 0.7316135545262537 0.8135493551747877
 0.3609763385405838 0.1526113062928373
 -1.70525232639449 1.545851060511257
 -0.1753411492961129 0.6242796610398333
 -0.151471572333997 0.1488501451728478
 -0.7221682129636862 -0.5975828136411081
 -1.039574622760757 0.0356223771393079
 0.02523333499660892 -1.004690017229727
 0.9273344744723235 -1.461753292107301
 -0.409386375511865 0.6515232640560813


